         1         2         3         4         5         6         7         8         9         0         1         2         3
 234567890123456789012345678901234567890123456789012345678901234567890123456789012345678901234567890123456789012345678901234567890
 3
 4
 5
 6
 7
 8
 9
10
 1       1         2         3         4         5         6         7         8         9         0         1         2         3
 234567890123456789012345678901234567890123456789012345678901234567890123456789012345678901234567890123456789012345678901234567890
 3
 4
 5
 6
 7
 8
 9
20
 1       1         2         3         4         5         6         7         8         9         0         1         2         3
 234567890123456789012345678901234567890123456789012345678901234567890123456789012345678901234567890123456789012345678901234567890
 3
 4
 5
 6
 7
 8
 9
30
 1       1         2         3         4         5         6         7         8         9         0         1         2         3
 234567890123456789012345678901234567890123456789012345678901234567890123456789012345678901234567890123456789012345678901234567890
 3
 4
 5
 6
 7
 8
 9
40
 1       1         2         3         4         5         6         7         8         9         0         1         2         3
 234567890123456789012345678901234567890123456789012345678901234567890123456789012345678901234567890123456789012345678901234567890
 3
 4
 5
 6
 7
 8
 9
50
 1       1         2         3         4         5         6         7         8         9         0         1         2         3
 234567890123456789012345678901234567890123456789012345678901234567890123456789012345678901234567890123456789012345678901234567890
 3
 4
 5
 6
 7
 8
 9
60